  50.000
 1 ( -0.000001961,  0.000005529)
 2 (  0.003409245, -0.004519799)
 3 (  0.005503626, -0.008942188)
 4 (  0.005139759, -0.013136916)
 5 (  0.001508915, -0.016937627)
 6 ( -0.005742588, -0.020127196)
 7 ( -0.016439268, -0.022440640)
 8 ( -0.029859221, -0.023580596)
 9 ( -0.044777010, -0.023244034)
10 ( -0.059564080, -0.021156663)
11 ( -0.072338253, -0.017110148)
12 ( -0.081148319, -0.010996441)
13 ( -0.084175497, -0.002833943)
14 ( -0.079936400,  0.007218153)
15 ( -0.067463666,  0.018861040)
16 ( -0.046443090,  0.031672630)
17 ( -0.017297843,  0.045137201)
18 (  0.018789126,  0.058687132)
19 (  0.059929714,  0.071750052)
20 (  0.103656538,  0.083795205)
21 (  0.147110477,  0.094373502)
22 (  0.187274307,  0.103146151)
23 (  0.221231982,  0.109899022)
24 (  0.246430874,  0.114542894)
25 (  0.260913372,  0.117096134)
26 (  0.263499856,  0.117657505)
27 (  0.253904283,  0.116373584)
28 (  0.232769027,  0.113406144)
29 (  0.201613680,  0.108905099)
30 (  0.162699610,  0.102989741)
31 (  0.118828170,  0.095743395)
32 (  0.073094644,  0.087224118)
33 (  0.028613251,  0.077484436)
34 ( -0.011754962,  0.066601939)
35 ( -0.045650173,  0.054704167)
36 ( -0.071402535,  0.041988082)
37 ( -0.088143051,  0.028734252)
38 ( -0.095830880,  0.015307902)
39 ( -0.095195815,  0.002145132)
40 ( -0.087607011, -0.010274690)
41 ( -0.074892968, -0.021468101)
42 ( -0.059109490, -0.030992411)
43 ( -0.042307891, -0.038489524)
44 ( -0.026327170, -0.043725632)
45 ( -0.012622790, -0.046620835)
46 ( -0.002148557, -0.047256630)
47 (  0.004689655, -0.045865219)
48 (  0.008008879, -0.042802356)
49 (  0.008362073, -0.038505908)
50 (  0.006604582, -0.033447143)
51 (  0.003734221, -0.028080976)
52 (  0.000727197, -0.022801097)
53 ( -0.001608083, -0.017906548)
54 ( -0.002740623, -0.013584100)
55 ( -0.002477172, -0.009908149)
56 ( -0.000967391, -0.006857207)
57 (  0.001343674, -0.004343520)
58 (  0.003806862, -0.002250274)
59 (  0.005688368, -0.000469725)
60 (  0.006299149,  0.001064192)
61 (  0.005114621,  0.002354670)
62 (  0.001867371,  0.003335758)
63 ( -0.003400521,  0.003882115)
64 ( -0.010332438,  0.003833226)
65 ( -0.018299684,  0.003027885)
66 ( -0.026484655,  0.001342932)
67 ( -0.033992264, -0.001270604)
68 ( -0.039973222, -0.004760679)
69 ( -0.043741226, -0.008961929)
70 ( -0.044867404, -0.013601108)
71 ( -0.043238509, -0.018320372)
72 ( -0.039071113, -0.022715861)
73 ( -0.032880146, -0.026386356)
74 ( -0.025406808, -0.028984817)
75 ( -0.017516600, -0.030265342)
76 ( -0.010082571, -0.030117961)
77 ( -0.003870319, -0.028585821)
78 (  0.000558653, -0.025861753)
79 (  0.002912115, -0.022264006)
80 (  0.003191907, -0.018194623)
81 (  0.001676089, -0.014086271)
82 ( -0.001138222, -0.010345199)
83 ( -0.004621577, -0.007298933)
84 ( -0.008115183, -0.005156406)
85 ( -0.011034032, -0.003986403)
86 ( -0.012954962, -0.003717557)
87 ( -0.013676152, -0.004159607)
88 ( -0.013239734, -0.005042381)
89 ( -0.011914603, -0.006066196)
90 ( -0.010142416, -0.006955452)
91 ( -0.008455885, -0.007506745)
92 ( -0.007382352, -0.007623529)
93 ( -0.007347828, -0.007331627)
94 ( -0.008596933, -0.006772794)
95 ( -0.011141482, -0.006177274)
96 ( -0.014746142, -0.005819488)
97 ( -0.018954014, -0.005964246)
98 ( -0.023148704, -0.006812152)
99 ( -0.026643865, -0.008453632)
** ( -0.028786900, -0.010839584)
** ( -0.029061001, -0.013774280)
** ( -0.026655478, -0.019140858)
** ( -0.022064727, -0.024134185)
** ( -0.015436398, -0.028102009)
** ( -0.007207910, -0.030482298)
** (  0.001941228, -0.030883105)
** (  0.011173758, -0.029140731)
** (  0.019604011, -0.025347359)
** (  0.026416657, -0.019843180)
** (  0.030977456, -0.013173615)
** (  0.032920245, -0.006017014)
** (  0.032513414,  0.002247294)
** (  0.030110760,  0.009487624)
** (  0.026218172,  0.015148369)
** (  0.021503769,  0.018891187)
** (  0.016709127,  0.020640047)
** (  0.012549220,  0.020591134)
** (  0.009615037,  0.019185802)
** (  0.008291977,  0.017049639)
** (  0.008705433,  0.014905182)
** (  0.010701582,  0.013470205)
** (  0.013866820,  0.013354797)
** (  0.017583810,  0.014971930)
** (  0.021117173,  0.018473743)
** (  0.023717852,  0.023723111)
** (  0.024731766,  0.030305682)
** (  0.023698306,  0.037580967)
** (  0.020424150,  0.044767465)
** (  0.015021763,  0.051050231)
** (  0.007906083,  0.055697177)
** ( -0.000251682,  0.058167994)
** ( -0.008608117,  0.058200609)
** ( -0.016259339,  0.055862281)
** ( -0.022366144,  0.051557045)
** ( -0.026275937,  0.045986958)
** ( -0.027624520,  0.040070344)
** ( -0.026403468,  0.034826752)
** ( -0.022982290,  0.031242626)
** ( -0.018080717,  0.030135153)
** ( -0.012692892,  0.032032352)
** ( -0.007971706,  0.037086304)
** ( -0.005086879,  0.045032196)
** ( -0.005075314,  0.055200212)
** ( -0.008702303,  0.066581391)
** ( -0.016353447,  0.077939995)
** ( -0.027971840,  0.087959640)
** ( -0.043051653,  0.095405236)
** ( -0.060689956,  0.099279478)
** ( -0.079693139,  0.098953001)
** ( -0.098725766,  0.094250128)
** ( -0.116483480,  0.085476004)
