f =    50.00; # of Modes =   13; # R1*R2 Calcs =   119; Kw = 0.21229272E+00
Mode#        Re(k)/Kw    Im(k)-dB/km     Phase Vel   Group Vel  Duct#  #Calc
    1  0.96152283E+00    0.22568       1539.058620  1449.50335      1     39
    2  0.91435474E+00    0.42868       1618.452807  1395.16306      1      5
    3  0.84734040E+00     1.0391       1746.452776  1313.02186      1      5
    4  0.76572310E+00     18.282       1932.604622  1176.23317      1      8
    5  0.64822461E+00     118.43       2282.912403   957.47020      1      6
    6  0.52541829E+00     171.46       2816.498825   875.57375      1     10
    7  0.21812646E+00     296.83       6784.321345   338.11729      1      9
    8  0.58032553E-01     977.96      25500.170686    84.39693      1      9
    9  0.37978719E-01     1453.5      38964.979558    49.57413      1      5
   10  0.31072378E-01     1848.4      47625.579418    35.73641      1      5
   11  0.28870403E-01     2204.9      51258.030127    29.40527      1      5
   12  0.29500647E-01     2540.1      50162.967897    27.58235      1      5
   13  0.32576065E-01     2862.0      45427.217287    29.52665      1      5
